# relative_time, cycles_done, cur_item, corpus_count, pending_total, pending_favs, map_size, saved_crashes, saved_hangs, max_depth, execs_per_sec, total_execs, edges_found, total_crashes, servers_count
62, 401201, 0, 1, 0, 0, 41.38%, 0, 0, 1, 19560.99, 1203625, 12, 0, 0
67, 433756, 0, 1, 0, 0, 41.38%, 0, 0, 1, 19087.39, 1301290, 12, 0, 0
72, 464892, 0, 1, 0, 0, 41.38%, 0, 0, 1, 17767.57, 1394697, 12, 0, 0
78, 497793, 0, 1, 0, 0, 41.38%, 0, 0, 1, 18909.14, 1493399, 12, 0, 0
83, 532168, 0, 1, 0, 0, 41.38%, 0, 0, 1, 19490.34, 1596526, 12, 0, 0
88, 565598, 0, 1, 0, 0, 41.38%, 0, 0, 1, 19424.40, 1696815, 12, 0, 0
93, 597761, 0, 1, 0, 0, 41.38%, 0, 0, 1, 18536.81, 1793305, 12, 0, 0
98, 631049, 0, 1, 0, 0, 41.38%, 0, 0, 1, 19113.24, 1893167, 12, 0, 0
104, 665231, 0, 1, 0, 0, 41.38%, 0, 0, 1, 19614.91, 1995713, 12, 0, 0
109, 697862, 0, 1, 0, 0, 41.38%, 0, 0, 1, 18930.63, 2093607, 12, 0, 0
114, 730928, 0, 1, 0, 0, 41.38%, 0, 0, 1, 19057.21, 2192806, 12, 0, 0
119, 763480, 0, 1, 0, 0, 41.38%, 0, 0, 1, 18694.60, 2290462, 12, 0, 0
124, 797245, 0, 1, 0, 0, 41.38%, 0, 0, 1, 19531.80, 2391756, 12, 0, 0
130, 831193, 0, 1, 0, 0, 41.38%, 0, 0, 1, 19739.67, 2493600, 12, 0, 0
135, 864958, 0, 1, 0, 0, 41.38%, 0, 0, 1, 19405.26, 2594894, 12, 0, 0
140, 899256, 0, 1, 0, 0, 41.38%, 0, 0, 1, 19706.04, 2697790, 12, 0, 0
145, 934039, 0, 1, 0, 0, 41.38%, 0, 0, 1, 20040.07, 2802137, 12, 0, 0
150, 967187, 0, 1, 0, 0, 41.38%, 0, 0, 1, 19328.24, 2901583, 12, 0, 0
156, 1000242, 0, 1, 0, 0, 41.38%, 0, 0, 1, 19185.53, 3000747, 12, 0, 0
161, 1034503, 0, 1, 0, 0, 41.38%, 0, 0, 1, 19625.94, 3103529, 12, 0, 0
166, 1069139, 0, 1, 0, 0, 41.38%, 0, 0, 1, 19987.38, 3207437, 12, 0, 0
171, 1102102, 0, 1, 0, 0, 41.38%, 0, 0, 1, 19374.93, 3306328, 12, 0, 0
176, 1135505, 0, 1, 0, 0, 41.38%, 0, 0, 1, 19225.24, 3406537, 12, 0, 0
182, 1169928, 0, 1, 0, 0, 41.38%, 0, 0, 1, 19636.58, 3509805, 12, 0, 0
187, 1203427, 0, 1, 0, 0, 41.38%, 0, 0, 1, 19587.44, 3610301, 12, 0, 0
192, 1236533, 0, 1, 0, 0, 41.38%, 0, 0, 1, 19068.90, 3709619, 12, 0, 0
197, 1269561, 0, 1, 0, 0, 41.38%, 0, 0, 1, 19166.34, 3808705, 12, 0, 0
202, 1303761, 0, 1, 0, 0, 41.38%, 0, 0, 1, 19654.62, 3911304, 12, 0, 0
208, 1335704, 0, 1, 0, 0, 41.38%, 0, 0, 1, 18574.55, 4007134, 12, 0, 0
213, 1369840, 0, 1, 0, 0, 41.38%, 0, 0, 1, 19631.00, 4109542, 12, 0, 0
218, 1403082, 0, 1, 0, 0, 41.38%, 0, 0, 1, 19201.10, 4209268, 12, 0, 0
223, 1437308, 0, 1, 0, 0, 41.38%, 0, 0, 1, 19550.76, 4311944, 12, 0, 0
228, 1470992, 0, 1, 0, 0, 41.38%, 0, 0, 1, 19354.02, 4412996, 12, 0, 0
234, 1504248, 0, 1, 0, 0, 41.38%, 0, 0, 1, 19207.04, 4512765, 12, 0, 0
239, 1538340, 0, 1, 0, 0, 41.38%, 0, 0, 1, 19326.74, 4615040, 12, 0, 0
244, 1571312, 0, 1, 0, 0, 41.38%, 0, 0, 1, 18805.35, 4713957, 12, 0, 0
249, 1604163, 0, 1, 0, 0, 41.38%, 0, 0, 1, 18800.64, 4812509, 12, 0, 0
254, 1636162, 0, 1, 0, 0, 41.38%, 0, 0, 1, 18580.18, 4908508, 12, 0, 0
260, 1670008, 0, 1, 0, 0, 41.38%, 0, 0, 1, 19077.17, 5010045, 12, 0, 0
265, 1704079, 0, 1, 0, 0, 41.38%, 0, 0, 1, 19384.12, 5112257, 12, 0, 0
270, 1736815, 0, 1, 0, 0, 41.38%, 0, 0, 1, 18957.89, 5210467, 12, 0, 0
275, 1771342, 0, 1, 0, 0, 41.38%, 0, 0, 1, 19759.97, 5314046, 12, 0, 0
280, 1804350, 0, 1, 0, 0, 41.38%, 0, 0, 1, 19044.09, 5413072, 12, 0, 0
286, 1837424, 0, 1, 0, 0, 41.38%, 0, 0, 1, 18936.39, 5512294, 12, 0, 0
291, 1870707, 0, 1, 0, 0, 41.38%, 0, 0, 1, 19063.50, 5612141, 12, 0, 0
296, 1904627, 0, 1, 0, 0, 41.38%, 0, 0, 1, 19571.88, 5713901, 12, 0, 0
301, 1937985, 0, 1, 0, 0, 41.38%, 0, 0, 1, 19463.68, 5813976, 12, 0, 0
306, 1971966, 0, 1, 0, 0, 41.38%, 0, 0, 1, 19498.72, 5915919, 12, 0, 0
312, 2005466, 0, 1, 0, 0, 41.38%, 0, 0, 1, 19314.11, 6016418, 12, 0, 0
317, 2039159, 0, 1, 0, 0, 41.38%, 0, 0, 1, 19254.85, 6117497, 12, 0, 0
322, 2072416, 0, 1, 0, 0, 41.38%, 0, 0, 1, 19099.22, 6217270, 12, 0, 0
327, 2105133, 0, 1, 0, 0, 41.38%, 0, 0, 1, 19058.54, 6315419, 12, 0, 0
332, 2138369, 0, 1, 0, 0, 41.38%, 0, 0, 1, 19038.80, 6415128, 12, 0, 0
338, 2172876, 0, 1, 0, 0, 41.38%, 0, 0, 1, 19871.02, 6518648, 12, 0, 0
343, 2206187, 0, 1, 0, 0, 41.38%, 0, 0, 1, 19559.23, 6618582, 12, 0, 0
348, 2240057, 0, 1, 0, 0, 41.38%, 0, 0, 1, 19498.88, 6720192, 12, 0, 0
353, 2272781, 0, 1, 0, 0, 41.38%, 0, 0, 1, 19189.06, 6818363, 12, 0, 0
358, 2306119, 0, 1, 0, 0, 41.38%, 0, 0, 1, 19197.50, 6918379, 12, 0, 0
364, 2339144, 0, 1, 0, 0, 41.38%, 0, 0, 1, 18966.17, 7017454, 12, 0, 0
369, 2371745, 0, 1, 0, 0, 41.38%, 0, 0, 1, 18937.42, 7115256, 12, 0, 0
374, 2405494, 0, 1, 0, 0, 41.38%, 0, 0, 1, 19243.19, 7216503, 12, 0, 0
379, 2439855, 0, 1, 0, 0, 41.38%, 0, 0, 1, 19778.59, 7319586, 12, 0, 0
384, 2472967, 0, 1, 0, 0, 41.38%, 0, 0, 1, 18963.58, 7418921, 12, 0, 0
390, 2506512, 0, 1, 0, 0, 41.38%, 0, 0, 1, 19474.05, 7519557, 12, 0, 0
395, 2539161, 0, 1, 0, 0, 41.38%, 0, 0, 1, 18767.91, 7617503, 12, 0, 0
400, 2572456, 0, 1, 0, 0, 41.38%, 0, 0, 1, 19081.58, 7717388, 12, 0, 0
405, 2605386, 0, 1, 0, 0, 41.38%, 0, 0, 1, 18877.47, 7816180, 12, 0, 0
410, 2638961, 0, 1, 0, 0, 41.38%, 0, 0, 1, 19309.73, 7916905, 12, 0, 0
416, 2672929, 0, 1, 0, 0, 41.38%, 0, 0, 1, 19535.34, 8018807, 12, 0, 0
421, 2706744, 0, 1, 0, 0, 41.38%, 0, 0, 1, 19459.05, 8120253, 12, 0, 0
426, 2740297, 0, 1, 0, 0, 41.38%, 0, 0, 1, 19368.91, 8220913, 12, 0, 0
431, 2773686, 0, 1, 0, 0, 41.38%, 0, 0, 1, 19080.64, 8321078, 12, 0, 0
436, 2807574, 0, 1, 0, 0, 41.38%, 0, 0, 1, 19208.15, 8422744, 12, 0, 0
442, 2840604, 0, 1, 0, 0, 41.38%, 0, 0, 1, 19105.34, 8521833, 12, 0, 0
447, 2874681, 0, 1, 0, 0, 41.38%, 0, 0, 1, 19644.66, 8624063, 12, 0, 0
452, 2908303, 0, 1, 0, 0, 41.38%, 0, 0, 1, 19367.43, 8724930, 12, 0, 0
457, 2941654, 0, 1, 0, 0, 41.38%, 0, 0, 1, 19185.20, 8824982, 12, 0, 0
462, 2974882, 0, 1, 0, 0, 41.38%, 0, 0, 1, 19158.98, 8924668, 12, 0, 0
468, 3007488, 0, 1, 0, 0, 41.38%, 0, 0, 1, 19086.12, 9022485, 12, 0, 0
473, 3041040, 0, 1, 0, 0, 41.38%, 0, 0, 1, 19528.75, 9123141, 12, 0, 0
478, 3074363, 0, 1, 0, 0, 41.38%, 0, 0, 1, 19204.28, 9223110, 12, 0, 0
483, 3107671, 0, 1, 0, 0, 41.38%, 0, 0, 1, 19221.48, 9323033, 12, 0, 0
488, 3140940, 0, 1, 0, 0, 41.38%, 0, 0, 1, 19322.83, 9422840, 12, 0, 0
494, 3174915, 0, 1, 0, 0, 41.38%, 0, 0, 1, 19362.89, 9524767, 12, 0, 0
499, 3208921, 0, 1, 0, 0, 41.38%, 0, 0, 1, 19332.79, 9626785, 12, 0, 0
504, 3242694, 0, 1, 0, 0, 41.38%, 0, 0, 1, 19563.71, 9728104, 12, 0, 0
509, 3275121, 0, 1, 0, 0, 41.38%, 0, 0, 1, 19013.58, 9825384, 12, 0, 0
514, 3307817, 0, 1, 0, 0, 41.38%, 0, 0, 1, 19013.46, 9923473, 12, 0, 0
520, 3342083, 0, 1, 0, 0, 41.38%, 0, 0, 1, 19537.63, 10026269, 12, 0, 0
525, 3375655, 0, 1, 0, 0, 41.38%, 0, 0, 1, 19551.87, 10126986, 12, 0, 0
530, 3409715, 0, 1, 0, 0, 41.38%, 0, 0, 1, 19640.06, 10229166, 12, 0, 0
535, 3442940, 0, 1, 0, 0, 41.38%, 0, 0, 1, 19538.76, 10328842, 12, 0, 0
540, 3476171, 0, 1, 0, 0, 41.38%, 0, 0, 1, 19187.28, 10428535, 12, 0, 0
546, 3509120, 0, 1, 0, 0, 41.38%, 0, 0, 1, 19295.56, 10527380, 12, 0, 0
551, 3542255, 0, 1, 0, 0, 41.38%, 0, 0, 1, 19009.10, 10626785, 12, 0, 0
556, 3574619, 0, 1, 0, 0, 41.38%, 0, 0, 1, 19037.13, 10723877, 12, 0, 0
561, 3607481, 0, 1, 0, 0, 41.38%, 0, 0, 1, 19033.34, 10822464, 12, 0, 0
566, 3639303, 0, 1, 0, 0, 41.38%, 0, 0, 1, 18570.15, 10917931, 12, 0, 0
572, 3673963, 0, 1, 0, 0, 41.38%, 0, 0, 1, 19792.25, 11021911, 12, 0, 0
577, 3707268, 0, 1, 0, 0, 41.38%, 0, 0, 1, 19507.32, 11121825, 12, 0, 0
582, 3740551, 0, 1, 0, 0, 41.38%, 0, 0, 1, 19228.44, 11221673, 12, 0, 0
587, 3774630, 0, 1, 0, 0, 41.38%, 0, 0, 1, 19506.06, 11323910, 12, 0, 0
592, 3808138, 0, 1, 0, 0, 41.38%, 0, 0, 1, 19219.16, 11424435, 12, 0, 0
598, 3841769, 0, 1, 0, 0, 41.38%, 0, 0, 1, 19228.71, 11525327, 12, 0, 0
603, 3875088, 0, 1, 0, 0, 41.38%, 0, 0, 1, 19210.75, 11625284, 12, 0, 0
608, 3907659, 0, 1, 0, 0, 41.38%, 0, 0, 1, 18741.40, 11722998, 12, 0, 0
613, 3940668, 0, 1, 0, 0, 41.38%, 0, 0, 1, 19077.32, 11822024, 12, 0, 0
618, 3972447, 0, 1, 0, 0, 41.38%, 0, 0, 1, 18691.45, 11917362, 12, 0, 0
624, 4005467, 0, 1, 0, 0, 41.38%, 0, 0, 1, 18887.14, 12016421, 12, 0, 0
629, 4038963, 0, 1, 0, 0, 41.38%, 0, 0, 1, 19270.11, 12116909, 12, 0, 0
634, 4072159, 0, 1, 0, 0, 41.38%, 0, 0, 1, 18722.20, 12216499, 12, 0, 0
639, 4105456, 0, 1, 0, 0, 41.38%, 0, 0, 1, 19042.46, 12316389, 12, 0, 0
644, 4138680, 0, 1, 0, 0, 41.38%, 0, 0, 1, 19159.76, 12416061, 12, 0, 0
649, 4170644, 0, 1, 0, 0, 41.38%, 0, 0, 1, 19099.82, 12511954, 12, 0, 0
655, 4203825, 0, 1, 0, 0, 41.38%, 0, 0, 1, 19157.10, 12611496, 12, 0, 0
660, 4237427, 0, 1, 0, 0, 41.38%, 0, 0, 1, 19289.87, 12712304, 12, 0, 0
665, 4270797, 0, 1, 0, 0, 41.38%, 0, 0, 1, 19261.41, 12812413, 12, 0, 0
670, 4304384, 0, 1, 0, 0, 41.38%, 0, 0, 1, 19370.53, 12913174, 12, 0, 0
675, 4337038, 0, 1, 0, 0, 41.38%, 0, 0, 1, 18820.86, 13011135, 12, 0, 0
681, 4369974, 0, 1, 0, 0, 41.38%, 0, 0, 1, 19120.38, 13109945, 12, 0, 0
686, 4402228, 0, 1, 0, 0, 41.38%, 0, 0, 1, 18923.49, 13206707, 12, 0, 0
691, 4435156, 0, 1, 0, 0, 41.38%, 0, 0, 1, 18861.19, 13305489, 12, 0, 0
696, 4468033, 0, 1, 0, 0, 41.38%, 0, 0, 1, 18807.39, 13404120, 12, 0, 0
701, 4501389, 0, 1, 0, 0, 41.38%, 0, 0, 1, 19327.19, 13504189, 12, 0, 0
707, 4535248, 0, 1, 0, 0, 41.38%, 0, 0, 1, 19471.26, 13605765, 12, 0, 0
712, 4568087, 0, 1, 0, 0, 41.38%, 0, 0, 1, 18931.87, 13704282, 12, 0, 0
717, 4600481, 0, 1, 0, 0, 41.38%, 0, 0, 1, 18949.41, 13801465, 12, 0, 0
722, 4632984, 0, 1, 0, 0, 41.38%, 0, 0, 1, 18725.80, 13898973, 12, 0, 0
727, 4666145, 0, 1, 0, 0, 41.38%, 0, 0, 1, 19311.05, 13998458, 12, 0, 0
733, 4699570, 0, 1, 0, 0, 41.38%, 0, 0, 1, 19142.00, 14098733, 12, 0, 0
738, 4732692, 0, 1, 0, 0, 41.38%, 0, 0, 1, 19345.17, 14198097, 12, 0, 0
743, 4764583, 0, 1, 0, 0, 41.38%, 0, 0, 1, 18276.11, 14293771, 12, 0, 0
748, 4797982, 0, 1, 0, 0, 41.38%, 0, 0, 1, 19155.70, 14393968, 12, 0, 0
753, 4831305, 0, 1, 0, 0, 41.38%, 0, 0, 1, 19229.42, 14493936, 12, 0, 0
759, 4864706, 0, 1, 0, 0, 41.38%, 0, 0, 1, 19045.34, 14594139, 12, 0, 0
764, 4897751, 0, 1, 0, 0, 41.38%, 0, 0, 1, 19126.20, 14693275, 12, 0, 0
769, 4931003, 0, 1, 0, 0, 41.38%, 0, 0, 1, 19230.75, 14793031, 12, 0, 0
774, 4964228, 0, 1, 0, 0, 41.38%, 0, 0, 1, 19132.93, 14892705, 12, 0, 0
779, 4996295, 0, 1, 0, 0, 41.38%, 0, 0, 1, 18492.23, 14988906, 12, 0, 0
785, 5029699, 0, 1, 0, 0, 41.38%, 0, 0, 1, 19007.31, 15089120, 12, 0, 0
790, 5062906, 0, 1, 0, 0, 41.38%, 0, 0, 1, 18987.91, 15188739, 12, 0, 0
795, 5094535, 0, 1, 0, 0, 41.38%, 0, 0, 1, 18530.27, 15283627, 12, 0, 0
800, 5128340, 0, 1, 0, 0, 41.38%, 0, 0, 1, 19180.25, 15385042, 12, 0, 0
805, 5162118, 0, 1, 0, 0, 41.38%, 0, 0, 1, 19649.00, 15486377, 12, 0, 0
811, 5194826, 0, 1, 0, 0, 41.38%, 0, 0, 1, 18866.25, 15584501, 12, 0, 0
816, 5226856, 0, 1, 0, 0, 41.38%, 0, 0, 1, 18577.48, 15680590, 12, 0, 0
821, 5259882, 0, 1, 0, 0, 41.38%, 0, 0, 1, 18858.61, 15779667, 12, 0, 0
826, 5292767, 0, 1, 0, 0, 41.38%, 0, 0, 1, 18939.19, 15878324, 12, 0, 0
831, 5325943, 0, 1, 0, 0, 41.38%, 0, 0, 1, 19141.16, 15977852, 12, 0, 0
837, 5360004, 0, 1, 0, 0, 41.38%, 0, 0, 1, 19669.12, 16080033, 12, 0, 0
842, 5392474, 0, 1, 0, 0, 41.38%, 0, 0, 1, 18976.32, 16177443, 12, 0, 0
847, 5425972, 0, 1, 0, 0, 41.38%, 0, 0, 1, 19276.25, 16277938, 12, 0, 0
852, 5459713, 0, 1, 0, 0, 41.38%, 0, 0, 1, 19394.85, 16379160, 12, 0, 0
857, 5492694, 0, 1, 0, 0, 41.38%, 0, 0, 1, 19343.67, 16478104, 12, 0, 0
863, 5525931, 0, 1, 0, 0, 41.38%, 0, 0, 1, 19126.96, 16577816, 12, 0, 0
868, 5560551, 0, 1, 0, 0, 41.38%, 0, 0, 1, 19814.26, 16681675, 12, 0, 0
873, 5593686, 0, 1, 0, 0, 41.38%, 0, 0, 1, 19048.22, 16781080, 12, 0, 0
878, 5627384, 0, 1, 0, 0, 41.38%, 0, 0, 1, 19250.82, 16882174, 12, 0, 0
883, 5661135, 0, 1, 0, 0, 41.38%, 0, 0, 1, 19662.24, 16983428, 12, 0, 0
889, 5694069, 0, 1, 0, 0, 41.38%, 0, 0, 1, 19169.79, 17082228, 12, 0, 0
894, 5726237, 0, 1, 0, 0, 41.38%, 0, 0, 1, 18545.51, 17178734, 12, 0, 0
899, 5759207, 0, 1, 0, 0, 41.38%, 0, 0, 1, 18883.44, 17277643, 12, 0, 0
904, 5792978, 0, 1, 0, 0, 41.38%, 0, 0, 1, 19136.16, 17378956, 12, 0, 0
904, 5795360, 0, 1, 0, 0, 41.38%, 0, 0, 1, 19321.55, 17386100, 12, 0, 0
