# relative_time, cycles_done, cur_item, corpus_count, pending_total, pending_favs, map_size, saved_crashes, saved_hangs, max_depth, execs_per_sec, total_execs, edges_found, total_crashes, servers_count
62, 194576, 0, 1, 0, 0, 103.23%, 0, 0, 1, 9554.94, 583749, 32, 0, 0
67, 210922, 0, 1, 0, 0, 103.23%, 0, 0, 1, 9467.36, 632786, 32, 0, 0
72, 227151, 0, 1, 0, 0, 103.23%, 0, 0, 1, 9431.57, 681475, 32, 0, 0
77, 243279, 0, 1, 0, 0, 103.23%, 0, 0, 1, 9290.53, 729859, 32, 0, 0
82, 259401, 0, 1, 0, 0, 103.23%, 0, 0, 1, 9345.86, 778225, 32, 0, 0
88, 275657, 0, 1, 0, 0, 103.23%, 0, 0, 1, 9365.81, 826992, 32, 0, 0
93, 292161, 0, 1, 0, 0, 103.23%, 0, 0, 1, 9460.77, 876505, 32, 0, 0
98, 307433, 0, 1, 0, 0, 103.23%, 0, 0, 1, 9177.98, 922319, 32, 0, 0
103, 323538, 0, 1, 0, 0, 103.23%, 0, 0, 1, 9273.70, 970635, 32, 0, 0
108, 339777, 0, 1, 0, 0, 103.23%, 0, 0, 1, 9372.48, 1019352, 32, 0, 0
113, 355987, 0, 1, 0, 0, 103.23%, 0, 0, 1, 9342.88, 1067981, 32, 0, 0
119, 371893, 0, 1, 0, 0, 103.23%, 0, 0, 1, 9199.81, 1115699, 32, 0, 0
124, 387510, 0, 1, 0, 0, 103.23%, 0, 0, 1, 9390.16, 1162552, 32, 0, 0
129, 403636, 0, 1, 0, 0, 103.23%, 0, 0, 1, 9302.95, 1210930, 32, 0, 0
134, 420176, 0, 1, 0, 0, 103.23%, 0, 0, 1, 9476.12, 1260548, 32, 0, 0
139, 436506, 0, 1, 0, 0, 103.23%, 0, 0, 1, 9442.77, 1309539, 32, 0, 0
144, 452879, 0, 1, 0, 0, 103.23%, 0, 0, 1, 9439.44, 1358658, 32, 0, 0
150, 468977, 0, 1, 0, 0, 103.23%, 0, 0, 1, 9295.64, 1406952, 32, 0, 0
155, 485054, 0, 1, 0, 0, 103.23%, 0, 0, 1, 9300.57, 1455184, 32, 0, 0
160, 501321, 0, 1, 0, 0, 103.23%, 0, 0, 1, 9434.70, 1503984, 32, 0, 0
165, 517633, 0, 1, 0, 0, 103.23%, 0, 0, 1, 9418.80, 1552920, 32, 0, 0
170, 533790, 0, 1, 0, 0, 103.23%, 0, 0, 1, 9354.40, 1601390, 32, 0, 0
176, 550146, 0, 1, 0, 0, 103.23%, 0, 0, 1, 9442.83, 1650458, 32, 0, 0
181, 566344, 0, 1, 0, 0, 103.23%, 0, 0, 1, 9362.36, 1699053, 32, 0, 0
186, 582401, 0, 1, 0, 0, 103.23%, 0, 0, 1, 9310.89, 1747225, 32, 0, 0
191, 598660, 0, 1, 0, 0, 103.23%, 0, 0, 1, 9379.32, 1796001, 32, 0, 0
196, 614136, 0, 1, 0, 0, 103.23%, 0, 0, 1, 9301.55, 1842429, 32, 0, 0
201, 630400, 0, 1, 0, 0, 103.23%, 0, 0, 1, 9398.26, 1891220, 32, 0, 0
207, 646694, 0, 1, 0, 0, 103.23%, 0, 0, 1, 9412.66, 1940104, 32, 0, 0
212, 663335, 0, 1, 0, 0, 103.23%, 0, 0, 1, 9562.45, 1990026, 32, 0, 0
217, 679866, 0, 1, 0, 0, 103.23%, 0, 0, 1, 9508.86, 2039618, 32, 0, 0
222, 696114, 0, 1, 0, 0, 103.23%, 0, 0, 1, 9394.25, 2088363, 32, 0, 0
227, 712320, 0, 1, 0, 0, 103.23%, 0, 0, 1, 9339.68, 2136980, 32, 0, 0
233, 728603, 0, 1, 0, 0, 103.23%, 0, 0, 1, 9416.21, 2185830, 32, 0, 0
238, 745077, 0, 1, 0, 0, 103.23%, 0, 0, 1, 9498.67, 2235251, 32, 0, 0
243, 761200, 0, 1, 0, 0, 103.23%, 0, 0, 1, 9309.44, 2283621, 32, 0, 0
248, 777698, 0, 1, 0, 0, 103.23%, 0, 0, 1, 9473.83, 2333114, 32, 0, 0
253, 793341, 0, 1, 0, 0, 103.23%, 0, 0, 1, 9363.15, 2380043, 32, 0, 0
258, 809623, 0, 1, 0, 0, 103.23%, 0, 0, 1, 9377.03, 2428891, 32, 0, 0
264, 825820, 0, 1, 0, 0, 103.23%, 0, 0, 1, 9349.32, 2477482, 32, 0, 0
269, 841470, 0, 1, 0, 0, 103.23%, 0, 0, 1, 9424.09, 2524430, 32, 0, 0
274, 857833, 0, 1, 0, 0, 103.23%, 0, 0, 1, 9432.71, 2573520, 32, 0, 0
279, 874191, 0, 1, 0, 0, 103.23%, 0, 0, 1, 9412.91, 2622593, 32, 0, 0
284, 890422, 0, 1, 0, 0, 103.23%, 0, 0, 1, 9380.12, 2671288, 32, 0, 0
289, 906491, 0, 1, 0, 0, 103.23%, 0, 0, 1, 9295.00, 2719493, 32, 0, 0
295, 922698, 0, 1, 0, 0, 103.23%, 0, 0, 1, 9332.43, 2768115, 32, 0, 0
300, 938903, 0, 1, 0, 0, 103.23%, 0, 0, 1, 9298.86, 2816730, 32, 0, 0
305, 954519, 0, 1, 0, 0, 103.23%, 0, 0, 1, 9345.38, 2863579, 32, 0, 0
310, 970866, 0, 1, 0, 0, 103.23%, 0, 0, 1, 9410.16, 2912620, 32, 0, 0
315, 987145, 0, 1, 0, 0, 103.23%, 0, 0, 1, 9422.61, 2961456, 32, 0, 0
320, 1003436, 0, 1, 0, 0, 103.23%, 0, 0, 1, 9426.33, 3010328, 32, 0, 0
326, 1019815, 0, 1, 0, 0, 103.23%, 0, 0, 1, 9461.07, 3059466, 32, 0, 0
331, 1036229, 0, 1, 0, 0, 103.23%, 0, 0, 1, 9496.41, 3108708, 32, 0, 0
336, 1051498, 0, 1, 0, 0, 103.23%, 0, 0, 1, 9185.51, 3154516, 32, 0, 0
341, 1067502, 0, 1, 0, 0, 103.23%, 0, 0, 1, 9206.19, 3202527, 32, 0, 0
346, 1083737, 0, 1, 0, 0, 103.23%, 0, 0, 1, 9315.17, 3251231, 32, 0, 0
351, 1099569, 0, 1, 0, 0, 103.23%, 0, 0, 1, 9424.63, 3298728, 32, 0, 0
356, 1115882, 0, 1, 0, 0, 103.23%, 0, 0, 1, 9401.03, 3347666, 32, 0, 0
362, 1132245, 0, 1, 0, 0, 103.23%, 0, 0, 1, 9440.40, 3396757, 32, 0, 0
367, 1148554, 0, 1, 0, 0, 103.23%, 0, 0, 1, 9443.73, 3445682, 32, 0, 0
372, 1164767, 0, 1, 0, 0, 103.23%, 0, 0, 1, 9359.28, 3494321, 32, 0, 0
377, 1180981, 0, 1, 0, 0, 103.23%, 0, 0, 1, 9339.77, 3542965, 32, 0, 0
382, 1197348, 0, 1, 0, 0, 103.23%, 0, 0, 1, 9423.24, 3592065, 32, 0, 0
388, 1213616, 0, 1, 0, 0, 103.23%, 0, 0, 1, 9449.57, 3640868, 32, 0, 0
393, 1229898, 0, 1, 0, 0, 103.23%, 0, 0, 1, 9365.82, 3689716, 32, 0, 0
398, 1246263, 0, 1, 0, 0, 103.23%, 0, 0, 1, 9441.64, 3738809, 32, 0, 0
403, 1262523, 0, 1, 0, 0, 103.23%, 0, 0, 1, 9407.18, 3787590, 32, 0, 0
408, 1278994, 0, 1, 0, 0, 103.23%, 0, 0, 1, 9476.52, 3837003, 32, 0, 0
414, 1295413, 0, 1, 0, 0, 103.23%, 0, 0, 1, 9481.40, 3886260, 32, 0, 0
419, 1311570, 0, 1, 0, 0, 103.23%, 0, 0, 1, 9355.30, 3934732, 32, 0, 0
424, 1327359, 0, 1, 0, 0, 103.23%, 0, 0, 1, 9470.94, 3982098, 32, 0, 0
429, 1343784, 0, 1, 0, 0, 103.23%, 0, 0, 1, 9518.71, 4031374, 32, 0, 0
434, 1360263, 0, 1, 0, 0, 103.23%, 0, 0, 1, 9497.63, 4080810, 32, 0, 0
439, 1376736, 0, 1, 0, 0, 103.23%, 0, 0, 1, 9515.59, 4130230, 32, 0, 0
445, 1393130, 0, 1, 0, 0, 103.23%, 0, 0, 1, 9497.43, 4179412, 32, 0, 0
450, 1409355, 0, 1, 0, 0, 103.23%, 0, 0, 1, 9358.83, 4228086, 32, 0, 0
455, 1425423, 0, 1, 0, 0, 103.23%, 0, 0, 1, 9242.23, 4276291, 32, 0, 0
460, 1441772, 0, 1, 0, 0, 103.23%, 0, 0, 1, 9413.67, 4325338, 32, 0, 0
465, 1457958, 0, 1, 0, 0, 103.23%, 0, 0, 1, 9388.85, 4373894, 32, 0, 0
470, 1473839, 0, 1, 0, 0, 103.23%, 0, 0, 1, 9499.30, 4421537, 32, 0, 0
476, 1490102, 0, 1, 0, 0, 103.23%, 0, 0, 1, 9397.14, 4470328, 32, 0, 0
481, 1506547, 0, 1, 0, 0, 103.23%, 0, 0, 1, 9461.81, 4519663, 32, 0, 0
486, 1522835, 0, 1, 0, 0, 103.23%, 0, 0, 1, 9381.18, 4568525, 32, 0, 0
491, 1538576, 0, 1, 0, 0, 103.23%, 0, 0, 1, 9403.07, 4615748, 32, 0, 0
496, 1554887, 0, 1, 0, 0, 103.23%, 0, 0, 1, 9420.46, 4664682, 32, 0, 0
501, 1571158, 0, 1, 0, 0, 103.23%, 0, 0, 1, 9358.92, 4713494, 32, 0, 0
507, 1587560, 0, 1, 0, 0, 103.23%, 0, 0, 1, 9460.51, 4762701, 32, 0, 0
512, 1604039, 0, 1, 0, 0, 103.23%, 0, 0, 1, 9483.30, 4812137, 32, 0, 0
517, 1620424, 0, 1, 0, 0, 103.23%, 0, 0, 1, 9443.59, 4861294, 32, 0, 0
522, 1636762, 0, 1, 0, 0, 103.23%, 0, 0, 1, 9437.84, 4910307, 32, 0, 0
527, 1652981, 0, 1, 0, 0, 103.23%, 0, 0, 1, 9386.92, 4958963, 32, 0, 0
532, 1668528, 0, 1, 0, 0, 103.23%, 0, 0, 1, 9350.20, 5005604, 32, 0, 0
538, 1684880, 0, 1, 0, 0, 103.23%, 0, 0, 1, 9432.89, 5054660, 32, 0, 0
543, 1700395, 0, 1, 0, 0, 103.23%, 0, 0, 1, 9340.76, 5101206, 32, 0, 0
548, 1716557, 0, 1, 0, 0, 103.23%, 0, 0, 1, 9323.61, 5149693, 32, 0, 0
553, 1732857, 0, 1, 0, 0, 103.23%, 0, 0, 1, 9369.24, 5198591, 32, 0, 0
558, 1748787, 0, 1, 0, 0, 103.23%, 0, 0, 1, 9083.43, 5246381, 32, 0, 0
563, 1765297, 0, 1, 0, 0, 103.23%, 0, 0, 1, 9430.34, 5295911, 32, 0, 0
569, 1781465, 0, 1, 0, 0, 103.23%, 0, 0, 1, 9357.84, 5344415, 32, 0, 0
574, 1797567, 0, 1, 0, 0, 103.23%, 0, 0, 1, 9287.65, 5392722, 32, 0, 0
579, 1813649, 0, 1, 0, 0, 103.23%, 0, 0, 1, 9279.30, 5440969, 32, 0, 0
584, 1829894, 0, 1, 0, 0, 103.23%, 0, 0, 1, 9360.55, 5489704, 32, 0, 0
589, 1846247, 0, 1, 0, 0, 103.23%, 0, 0, 1, 9447.43, 5538761, 32, 0, 0
595, 1862553, 0, 1, 0, 0, 103.23%, 0, 0, 1, 9424.77, 5587681, 32, 0, 0
600, 1878949, 0, 1, 0, 0, 103.23%, 0, 0, 1, 9474.77, 5636867, 32, 0, 0
605, 1895079, 0, 1, 0, 0, 103.23%, 0, 0, 1, 9346.97, 5685257, 32, 0, 0
610, 1911202, 0, 1, 0, 0, 103.23%, 0, 0, 1, 9289.23, 5733626, 32, 0, 0
615, 1927314, 0, 1, 0, 0, 103.23%, 0, 0, 1, 9306.06, 5781962, 32, 0, 0
621, 1943496, 0, 1, 0, 0, 103.23%, 0, 0, 1, 9308.69, 5830509, 32, 0, 0
626, 1959657, 0, 1, 0, 0, 103.23%, 0, 0, 1, 9263.99, 5878993, 32, 0, 0
631, 1976030, 0, 1, 0, 0, 103.23%, 0, 0, 1, 9384.66, 5928110, 32, 0, 0
636, 1992396, 0, 1, 0, 0, 103.23%, 0, 0, 1, 9443.53, 5977208, 32, 0, 0
641, 2008738, 0, 1, 0, 0, 103.23%, 0, 0, 1, 9418.69, 6026235, 32, 0, 0
646, 2024293, 0, 1, 0, 0, 103.23%, 0, 0, 1, 9358.91, 6072901, 32, 0, 0
652, 2040493, 0, 1, 0, 0, 103.23%, 0, 0, 1, 9338.82, 6121500, 32, 0, 0
657, 2056079, 0, 1, 0, 0, 103.23%, 0, 0, 1, 9369.31, 6168257, 32, 0, 0
662, 2072363, 0, 1, 0, 0, 103.23%, 0, 0, 1, 9358.71, 6217110, 32, 0, 0
667, 2088551, 0, 1, 0, 0, 103.23%, 0, 0, 1, 9289.14, 6265675, 32, 0, 0
672, 2104718, 0, 1, 0, 0, 103.23%, 0, 0, 1, 9329.82, 6314175, 32, 0, 0
677, 2120979, 0, 1, 0, 0, 103.23%, 0, 0, 1, 9368.52, 6362957, 32, 0, 0
682, 2136593, 0, 1, 0, 0, 103.23%, 0, 0, 1, 9401.35, 6409799, 32, 0, 0
688, 2152758, 0, 1, 0, 0, 103.23%, 0, 0, 1, 9330.56, 6458296, 32, 0, 0
693, 2168392, 0, 1, 0, 0, 103.23%, 0, 0, 1, 9355.59, 6505198, 32, 0, 0
698, 2184422, 0, 1, 0, 0, 103.23%, 0, 0, 1, 9242.73, 6553288, 32, 0, 0
703, 2200593, 0, 1, 0, 0, 103.23%, 0, 0, 1, 9315.90, 6601799, 32, 0, 0
708, 2216792, 0, 1, 0, 0, 103.23%, 0, 0, 1, 9311.46, 6650398, 32, 0, 0
713, 2233113, 0, 1, 0, 0, 103.23%, 0, 0, 1, 9405.92, 6699360, 32, 0, 0
719, 2249351, 0, 1, 0, 0, 103.23%, 0, 0, 1, 9375.49, 6748074, 32, 0, 0
724, 2265086, 0, 1, 0, 0, 103.23%, 0, 0, 1, 9457.83, 6795278, 32, 0, 0
729, 2281526, 0, 1, 0, 0, 103.23%, 0, 0, 1, 9461.72, 6844599, 32, 0, 0
734, 2297758, 0, 1, 0, 0, 103.23%, 0, 0, 1, 9391.78, 6893295, 32, 0, 0
739, 2313937, 0, 1, 0, 0, 103.23%, 0, 0, 1, 9350.28, 6941833, 32, 0, 0
744, 2330055, 0, 1, 0, 0, 103.23%, 0, 0, 1, 9242.67, 6990187, 32, 0, 0
750, 2346269, 0, 1, 0, 0, 103.23%, 0, 0, 1, 9375.83, 7038829, 32, 0, 0
755, 2362505, 0, 1, 0, 0, 103.23%, 0, 0, 1, 9313.00, 7087536, 32, 0, 0
760, 2378894, 0, 1, 0, 0, 103.23%, 0, 0, 1, 9446.83, 7136702, 32, 0, 0
765, 2395235, 0, 1, 0, 0, 103.23%, 0, 0, 1, 9405.97, 7185727, 32, 0, 0
770, 2411380, 0, 1, 0, 0, 103.23%, 0, 0, 1, 9367.15, 7234160, 32, 0, 0
776, 2427730, 0, 1, 0, 0, 103.23%, 0, 0, 1, 9381.46, 7283210, 32, 0, 0
781, 2443981, 0, 1, 0, 0, 103.23%, 0, 0, 1, 9393.37, 7331965, 32, 0, 0
786, 2460204, 0, 1, 0, 0, 103.23%, 0, 0, 1, 9373.33, 7380633, 32, 0, 0
791, 2476560, 0, 1, 0, 0, 103.23%, 0, 0, 1, 9456.82, 7429701, 32, 0, 0
796, 2492649, 0, 1, 0, 0, 103.23%, 0, 0, 1, 9313.05, 7477969, 32, 0, 0
801, 2508225, 0, 1, 0, 0, 103.23%, 0, 0, 1, 9336.39, 7524696, 32, 0, 0
807, 2524706, 0, 1, 0, 0, 103.23%, 0, 0, 1, 9465.60, 7574138, 32, 0, 0
812, 2540411, 0, 1, 0, 0, 103.23%, 0, 0, 1, 9446.38, 7621255, 32, 0, 0
817, 2556653, 0, 1, 0, 0, 103.23%, 0, 0, 1, 9393.32, 7669979, 32, 0, 0
822, 2573097, 0, 1, 0, 0, 103.23%, 0, 0, 1, 9461.75, 7719311, 32, 0, 0
827, 2589264, 0, 1, 0, 0, 103.23%, 0, 0, 1, 9321.70, 7767813, 32, 0, 0
832, 2605766, 0, 1, 0, 0, 103.23%, 0, 0, 1, 9523.49, 7817320, 32, 0, 0
838, 2622102, 0, 1, 0, 0, 103.23%, 0, 0, 1, 9426.12, 7866328, 32, 0, 0
843, 2638396, 0, 1, 0, 0, 103.23%, 0, 0, 1, 9414.01, 7915208, 32, 0, 0
848, 2654708, 0, 1, 0, 0, 103.23%, 0, 0, 1, 9398.89, 7964144, 32, 0, 0
853, 2670912, 0, 1, 0, 0, 103.23%, 0, 0, 1, 9348.10, 8012757, 32, 0, 0
858, 2687101, 0, 1, 0, 0, 103.23%, 0, 0, 1, 9308.96, 8061325, 32, 0, 0
863, 2702674, 0, 1, 0, 0, 103.23%, 0, 0, 1, 9296.24, 8108044, 32, 0, 0
868, 2718171, 0, 1, 0, 0, 103.23%, 0, 0, 1, 9290.17, 8154535, 32, 0, 0
874, 2734328, 0, 1, 0, 0, 103.23%, 0, 0, 1, 9266.03, 8203005, 32, 0, 0
879, 2750672, 0, 1, 0, 0, 103.23%, 0, 0, 1, 9372.02, 8252038, 32, 0, 0
884, 2766784, 0, 1, 0, 0, 103.23%, 0, 0, 1, 9310.41, 8300372, 32, 0, 0
889, 2782909, 0, 1, 0, 0, 103.23%, 0, 0, 1, 9313.24, 8348747, 32, 0, 0
894, 2798933, 0, 1, 0, 0, 103.23%, 0, 0, 1, 9259.11, 8396819, 32, 0, 0
900, 2815142, 0, 1, 0, 0, 103.23%, 0, 0, 1, 9375.63, 8445448, 32, 0, 0
904, 2830365, 0, 1, 0, 0, 103.23%, 0, 0, 1, 9286.15, 8491115, 32, 0, 0
