# relative_time, cycles_done, cur_item, corpus_count, pending_total, pending_favs, map_size, saved_crashes, saved_hangs, max_depth, execs_per_sec, total_execs, edges_found, total_crashes, servers_count
61, 235004, 0, 1, 0, 0, 41.94%, 0, 0, 1, 11460.42, 705027, 13, 0, 0
67, 255150, 0, 1, 0, 0, 41.94%, 0, 0, 1, 11539.97, 765465, 13, 0, 0
72, 274000, 0, 1, 0, 0, 41.94%, 0, 0, 1, 11367.29, 822016, 13, 0, 0
77, 293767, 0, 1, 0, 0, 41.94%, 0, 0, 1, 11454.50, 881315, 13, 0, 0
82, 313770, 0, 1, 0, 0, 41.94%, 0, 0, 1, 11520.11, 941326, 13, 0, 0
87, 333917, 0, 1, 0, 0, 41.94%, 0, 0, 1, 11631.56, 1001767, 13, 0, 0
92, 353502, 0, 1, 0, 0, 41.94%, 0, 0, 1, 11479.12, 1060522, 13, 0, 0
98, 373420, 0, 1, 0, 0, 41.94%, 0, 0, 1, 11467.36, 1120274, 13, 0, 0
103, 393778, 0, 1, 0, 0, 41.94%, 0, 0, 1, 11692.55, 1181350, 13, 0, 0
108, 413080, 0, 1, 0, 0, 41.94%, 0, 0, 1, 11563.87, 1239256, 13, 0, 0
113, 432749, 0, 1, 0, 0, 41.94%, 0, 0, 1, 11366.87, 1298263, 13, 0, 0
118, 452228, 0, 1, 0, 0, 41.94%, 0, 0, 1, 11266.59, 1356698, 13, 0, 0
123, 472000, 0, 1, 0, 0, 41.94%, 0, 0, 1, 11294.49, 1416016, 13, 0, 0
129, 491837, 0, 1, 0, 0, 41.94%, 0, 0, 1, 11409.28, 1475527, 13, 0, 0
134, 511653, 0, 1, 0, 0, 41.94%, 0, 0, 1, 11362.99, 1534973, 13, 0, 0
139, 532159, 0, 1, 0, 0, 41.94%, 0, 0, 1, 11666.06, 1596492, 13, 0, 0
144, 552007, 0, 1, 0, 0, 41.94%, 0, 0, 1, 11528.85, 1656037, 13, 0, 0
149, 571720, 0, 1, 0, 0, 41.94%, 0, 0, 1, 11851.36, 1715174, 13, 0, 0
154, 591138, 0, 1, 0, 0, 41.94%, 0, 0, 1, 11326.72, 1773429, 13, 0, 0
160, 610907, 0, 1, 0, 0, 41.94%, 0, 0, 1, 11261.29, 1832735, 13, 0, 0
165, 630635, 0, 1, 0, 0, 41.94%, 0, 0, 1, 11299.95, 1891921, 13, 0, 0
170, 650277, 0, 1, 0, 0, 41.94%, 0, 0, 1, 11359.27, 1950846, 13, 0, 0
175, 669966, 0, 1, 0, 0, 41.94%, 0, 0, 1, 11850.77, 2009914, 13, 0, 0
180, 689720, 0, 1, 0, 0, 41.94%, 0, 0, 1, 11440.32, 2069176, 13, 0, 0
185, 709300, 0, 1, 0, 0, 41.94%, 0, 0, 1, 11308.39, 2127915, 13, 0, 0
191, 729541, 0, 1, 0, 0, 41.94%, 0, 0, 1, 11535.05, 2188638, 13, 0, 0
196, 749773, 0, 1, 0, 0, 41.94%, 0, 0, 1, 11815.64, 2249333, 13, 0, 0
201, 769248, 0, 1, 0, 0, 41.94%, 0, 0, 1, 11383.68, 2307760, 13, 0, 0
206, 788530, 0, 1, 0, 0, 41.94%, 0, 0, 1, 11091.57, 2365605, 13, 0, 0
211, 807816, 0, 1, 0, 0, 41.94%, 0, 0, 1, 11157.92, 2423464, 13, 0, 0
217, 827211, 0, 1, 0, 0, 41.94%, 0, 0, 1, 11165.32, 2481649, 13, 0, 0
222, 845977, 0, 1, 0, 0, 41.94%, 0, 0, 1, 11295.97, 2537947, 13, 0, 0
227, 864653, 0, 1, 0, 0, 41.94%, 0, 0, 1, 11222.39, 2593974, 13, 0, 0
232, 884558, 0, 1, 0, 0, 41.94%, 0, 0, 1, 11421.06, 2653690, 13, 0, 0
237, 904372, 0, 1, 0, 0, 41.94%, 0, 0, 1, 11391.17, 2713132, 13, 0, 0
242, 923812, 0, 1, 0, 0, 41.94%, 0, 0, 1, 11190.48, 2771452, 13, 0, 0
247, 943682, 0, 1, 0, 0, 41.94%, 0, 0, 1, 11410.31, 2831060, 13, 0, 0
253, 963718, 0, 1, 0, 0, 41.94%, 0, 0, 1, 11556.58, 2891170, 13, 0, 0
258, 983642, 0, 1, 0, 0, 41.94%, 0, 0, 1, 11552.96, 2950941, 13, 0, 0
263, 1003765, 0, 1, 0, 0, 41.94%, 0, 0, 1, 11594.29, 3011311, 13, 0, 0
268, 1023791, 0, 1, 0, 0, 41.94%, 0, 0, 1, 11587.23, 3071388, 13, 0, 0
273, 1043924, 0, 1, 0, 0, 41.94%, 0, 0, 1, 11608.93, 3131787, 13, 0, 0
278, 1063220, 0, 1, 0, 0, 41.94%, 0, 0, 1, 11593.65, 3189676, 13, 0, 0
284, 1082896, 0, 1, 0, 0, 41.94%, 0, 0, 1, 11448.63, 3248702, 13, 0, 0
289, 1103853, 0, 1, 0, 0, 41.94%, 0, 0, 1, 11997.59, 3311575, 13, 0, 0
294, 1123554, 0, 1, 0, 0, 41.94%, 0, 0, 1, 11522.51, 3370676, 13, 0, 0
299, 1142300, 0, 1, 0, 0, 41.94%, 0, 0, 1, 11257.81, 3426915, 13, 0, 0
304, 1162720, 0, 1, 0, 0, 41.94%, 0, 0, 1, 11578.07, 3488176, 13, 0, 0
309, 1182385, 0, 1, 0, 0, 41.94%, 0, 0, 1, 11513.64, 3547169, 13, 0, 0
314, 1201338, 0, 1, 0, 0, 41.94%, 0, 0, 1, 11405.99, 3604029, 13, 0, 0
320, 1220891, 0, 1, 0, 0, 41.94%, 0, 0, 1, 11347.75, 3662688, 13, 0, 0
325, 1240834, 0, 1, 0, 0, 41.94%, 0, 0, 1, 11454.14, 3722518, 13, 0, 0
330, 1260849, 0, 1, 0, 0, 41.94%, 0, 0, 1, 11472.40, 3782561, 13, 0, 0
335, 1280665, 0, 1, 0, 0, 41.94%, 0, 0, 1, 11423.51, 3842011, 13, 0, 0
340, 1299957, 0, 1, 0, 0, 41.94%, 0, 0, 1, 11591.71, 3899887, 13, 0, 0
345, 1319559, 0, 1, 0, 0, 41.94%, 0, 0, 1, 11306.41, 3958691, 13, 0, 0
351, 1339561, 0, 1, 0, 0, 41.94%, 0, 0, 1, 11620.83, 4018699, 13, 0, 0
356, 1359386, 0, 1, 0, 0, 41.94%, 0, 0, 1, 11466.95, 4078172, 13, 0, 0
361, 1379393, 0, 1, 0, 0, 41.94%, 0, 0, 1, 11573.16, 4138195, 13, 0, 0
366, 1399043, 0, 1, 0, 0, 41.94%, 0, 0, 1, 11474.73, 4197145, 13, 0, 0
371, 1418466, 0, 1, 0, 0, 41.94%, 0, 0, 1, 11212.77, 4255413, 13, 0, 0
377, 1438850, 0, 1, 0, 0, 41.94%, 0, 0, 1, 11673.95, 4316566, 13, 0, 0
382, 1458742, 0, 1, 0, 0, 41.94%, 0, 0, 1, 11530.22, 4376242, 13, 0, 0
387, 1477836, 0, 1, 0, 0, 41.94%, 0, 0, 1, 11458.34, 4433523, 13, 0, 0
392, 1497085, 0, 1, 0, 0, 41.94%, 0, 0, 1, 11190.76, 4491269, 13, 0, 0
397, 1517046, 0, 1, 0, 0, 41.94%, 0, 0, 1, 11484.70, 4551152, 13, 0, 0
402, 1536801, 0, 1, 0, 0, 41.94%, 0, 0, 1, 11486.08, 4610417, 13, 0, 0
408, 1556566, 0, 1, 0, 0, 41.94%, 0, 0, 1, 11367.13, 4669714, 13, 0, 0
413, 1576541, 0, 1, 0, 0, 41.94%, 0, 0, 1, 11477.83, 4729639, 13, 0, 0
418, 1596454, 0, 1, 0, 0, 41.94%, 0, 0, 1, 11523.31, 4789376, 13, 0, 0
423, 1615371, 0, 1, 0, 0, 41.94%, 0, 0, 1, 11296.76, 4846127, 13, 0, 0
428, 1635095, 0, 1, 0, 0, 41.94%, 0, 0, 1, 11453.12, 4905299, 13, 0, 0
433, 1655210, 0, 1, 0, 0, 41.94%, 0, 0, 1, 11530.36, 4965646, 13, 0, 0
439, 1674907, 0, 1, 0, 0, 41.94%, 0, 0, 1, 11387.58, 5024735, 13, 0, 0
444, 1694105, 0, 1, 0, 0, 41.94%, 0, 0, 1, 11515.40, 5082329, 13, 0, 0
449, 1713644, 0, 1, 0, 0, 41.94%, 0, 0, 1, 11319.81, 5140947, 13, 0, 0
454, 1733564, 0, 1, 0, 0, 41.94%, 0, 0, 1, 11486.53, 5200706, 13, 0, 0
459, 1753228, 0, 1, 0, 0, 41.94%, 0, 0, 1, 11365.61, 5259699, 13, 0, 0
464, 1773301, 0, 1, 0, 0, 41.94%, 0, 0, 1, 11613.38, 5319919, 13, 0, 0
470, 1793413, 0, 1, 0, 0, 41.94%, 0, 0, 1, 11590.09, 5380254, 13, 0, 0
475, 1813161, 0, 1, 0, 0, 41.94%, 0, 0, 1, 11322.95, 5439497, 13, 0, 0
480, 1831989, 0, 1, 0, 0, 41.94%, 0, 0, 1, 11240.21, 5495983, 13, 0, 0
485, 1851309, 0, 1, 0, 0, 41.94%, 0, 0, 1, 11198.80, 5553942, 13, 0, 0
490, 1870222, 0, 1, 0, 0, 41.94%, 0, 0, 1, 11387.26, 5610682, 13, 0, 0
495, 1889598, 0, 1, 0, 0, 41.94%, 0, 0, 1, 11095.52, 5668808, 13, 0, 0
500, 1909327, 0, 1, 0, 0, 41.94%, 0, 0, 1, 11349.62, 5727997, 13, 0, 0
506, 1929504, 0, 1, 0, 0, 41.94%, 0, 0, 1, 11523.11, 5788527, 13, 0, 0
511, 1948943, 0, 1, 0, 0, 41.94%, 0, 0, 1, 11188.03, 5846843, 13, 0, 0
516, 1968405, 0, 1, 0, 0, 41.94%, 0, 0, 1, 11188.45, 5905230, 13, 0, 0
521, 1987882, 0, 1, 0, 0, 41.94%, 0, 0, 1, 11220.79, 5963662, 13, 0, 0
526, 2007748, 0, 1, 0, 0, 41.94%, 0, 0, 1, 11391.78, 6023259, 13, 0, 0
532, 2027537, 0, 1, 0, 0, 41.94%, 0, 0, 1, 11529.39, 6082626, 13, 0, 0
537, 2047369, 0, 1, 0, 0, 41.94%, 0, 0, 1, 11470.30, 6142123, 13, 0, 0
542, 2066153, 0, 1, 0, 0, 41.94%, 0, 0, 1, 11358.89, 6198474, 13, 0, 0
547, 2085844, 0, 1, 0, 0, 41.94%, 0, 0, 1, 11341.58, 6257546, 13, 0, 0
552, 2105796, 0, 1, 0, 0, 41.94%, 0, 0, 1, 11468.18, 6317404, 13, 0, 0
557, 2125736, 0, 1, 0, 0, 41.94%, 0, 0, 1, 11540.68, 6377224, 13, 0, 0
563, 2145962, 0, 1, 0, 0, 41.94%, 0, 0, 1, 11586.81, 6437900, 13, 0, 0
568, 2165826, 0, 1, 0, 0, 41.94%, 0, 0, 1, 11420.76, 6497492, 13, 0, 0
573, 2185495, 0, 1, 0, 0, 41.94%, 0, 0, 1, 11364.81, 6556501, 13, 0, 0
578, 2205411, 0, 1, 0, 0, 41.94%, 0, 0, 1, 11459.16, 6616249, 13, 0, 0
583, 2224869, 0, 1, 0, 0, 41.94%, 0, 0, 1, 11291.85, 6674623, 13, 0, 0
589, 2244785, 0, 1, 0, 0, 41.94%, 0, 0, 1, 11444.64, 6734369, 13, 0, 0
594, 2264432, 0, 1, 0, 0, 41.94%, 0, 0, 1, 11391.49, 6793312, 13, 0, 0
599, 2284153, 0, 1, 0, 0, 41.94%, 0, 0, 1, 11368.66, 6852474, 13, 0, 0
604, 2303744, 0, 1, 0, 0, 41.94%, 0, 0, 1, 11376.13, 6911248, 13, 0, 0
609, 2323745, 0, 1, 0, 0, 41.94%, 0, 0, 1, 11567.58, 6971251, 13, 0, 0
615, 2343426, 0, 1, 0, 0, 41.94%, 0, 0, 1, 11403.40, 7030293, 13, 0, 0
620, 2362889, 0, 1, 0, 0, 41.94%, 0, 0, 1, 11162.60, 7088681, 13, 0, 0
625, 2382610, 0, 1, 0, 0, 41.94%, 0, 0, 1, 11267.12, 7147845, 13, 0, 0
630, 2402313, 0, 1, 0, 0, 41.94%, 0, 0, 1, 11415.17, 7206953, 13, 0, 0
635, 2421944, 0, 1, 0, 0, 41.94%, 0, 0, 1, 11329.22, 7265846, 13, 0, 0
641, 2441570, 0, 1, 0, 0, 41.94%, 0, 0, 1, 11338.40, 7324726, 13, 0, 0
646, 2461505, 0, 1, 0, 0, 41.94%, 0, 0, 1, 11517.98, 7384530, 13, 0, 0
651, 2481241, 0, 1, 0, 0, 41.94%, 0, 0, 1, 11387.89, 7443739, 13, 0, 0
656, 2501258, 0, 1, 0, 0, 41.94%, 0, 0, 1, 11621.16, 7503789, 13, 0, 0
661, 2521214, 0, 1, 0, 0, 41.94%, 0, 0, 1, 11662.00, 7563658, 13, 0, 0
667, 2540686, 0, 1, 0, 0, 41.94%, 0, 0, 1, 11258.67, 7622074, 13, 0, 0
672, 2560472, 0, 1, 0, 0, 41.94%, 0, 0, 1, 11450.65, 7681431, 13, 0, 0
677, 2579372, 0, 1, 0, 0, 41.94%, 0, 0, 1, 11507.55, 7738132, 13, 0, 0
682, 2598855, 0, 1, 0, 0, 41.94%, 0, 0, 1, 11329.56, 7796579, 13, 0, 0
687, 2618680, 0, 1, 0, 0, 41.94%, 0, 0, 1, 11452.15, 7856056, 13, 0, 0
692, 2639056, 0, 1, 0, 0, 41.94%, 0, 0, 1, 11614.28, 7917183, 13, 0, 0
698, 2658377, 0, 1, 0, 0, 41.94%, 0, 0, 1, 11191.68, 7975145, 13, 0, 0
703, 2678177, 0, 1, 0, 0, 41.94%, 0, 0, 1, 11415.51, 8034547, 13, 0, 0
708, 2698330, 0, 1, 0, 0, 41.94%, 0, 0, 1, 11689.10, 8095005, 13, 0, 0
713, 2717763, 0, 1, 0, 0, 41.94%, 0, 0, 1, 11388.64, 8153303, 13, 0, 0
718, 2737864, 0, 1, 0, 0, 41.94%, 0, 0, 1, 11542.22, 8213606, 13, 0, 0
724, 2757800, 0, 1, 0, 0, 41.94%, 0, 0, 1, 11420.96, 8273415, 13, 0, 0
729, 2777833, 0, 1, 0, 0, 41.94%, 0, 0, 1, 11593.66, 8333513, 13, 0, 0
734, 2797226, 0, 1, 0, 0, 41.94%, 0, 0, 1, 11275.51, 8391692, 13, 0, 0
739, 2816832, 0, 1, 0, 0, 41.94%, 0, 0, 1, 11251.76, 8450511, 13, 0, 0
744, 2836369, 0, 1, 0, 0, 41.94%, 0, 0, 1, 11336.46, 8509123, 13, 0, 0
750, 2855949, 0, 1, 0, 0, 41.94%, 0, 0, 1, 11297.77, 8567863, 13, 0, 0
755, 2875618, 0, 1, 0, 0, 41.94%, 0, 0, 1, 11304.09, 8626870, 13, 0, 0
760, 2895157, 0, 1, 0, 0, 41.94%, 0, 0, 1, 11173.31, 8685485, 13, 0, 0
765, 2914220, 0, 1, 0, 0, 41.94%, 0, 0, 1, 10988.99, 8742676, 13, 0, 0
770, 2933654, 0, 1, 0, 0, 41.94%, 0, 0, 1, 11201.25, 8800976, 13, 0, 0
776, 2953462, 0, 1, 0, 0, 41.94%, 0, 0, 1, 11458.43, 8860401, 13, 0, 0
781, 2973242, 0, 1, 0, 0, 41.94%, 0, 0, 1, 11493.63, 8919741, 13, 0, 0
786, 2992962, 0, 1, 0, 0, 41.94%, 0, 0, 1, 11452.59, 8978901, 13, 0, 0
791, 3012448, 0, 1, 0, 0, 41.94%, 0, 0, 1, 11273.33, 9037359, 13, 0, 0
796, 3031788, 0, 1, 0, 0, 41.94%, 0, 0, 1, 11246.89, 9095378, 13, 0, 0
802, 3051295, 0, 1, 0, 0, 41.94%, 0, 0, 1, 11387.70, 9153899, 13, 0, 0
807, 3070476, 0, 1, 0, 0, 41.94%, 0, 0, 1, 11166.70, 9211444, 13, 0, 0
812, 3090706, 0, 1, 0, 0, 41.94%, 0, 0, 1, 11489.49, 9272132, 13, 0, 0
817, 3110061, 0, 1, 0, 0, 41.94%, 0, 0, 1, 11175.88, 9330197, 13, 0, 0
822, 3129310, 0, 1, 0, 0, 41.94%, 0, 0, 1, 11109.13, 9387946, 13, 0, 0
828, 3149416, 0, 1, 0, 0, 41.94%, 0, 0, 1, 11496.32, 9448262, 13, 0, 0
833, 3169392, 0, 1, 0, 0, 41.94%, 0, 0, 1, 11421.59, 9508192, 13, 0, 0
838, 3188807, 0, 1, 0, 0, 41.94%, 0, 0, 1, 11323.86, 9566435, 13, 0, 0
843, 3208380, 0, 1, 0, 0, 41.94%, 0, 0, 1, 11285.89, 9625155, 13, 0, 0
848, 3228138, 0, 1, 0, 0, 41.94%, 0, 0, 1, 11303.51, 9684429, 13, 0, 0
854, 3247830, 0, 1, 0, 0, 41.94%, 0, 0, 1, 11309.42, 9743504, 13, 0, 0
859, 3267364, 0, 1, 0, 0, 41.94%, 0, 0, 1, 11264.28, 9802106, 13, 0, 0
864, 3287068, 0, 1, 0, 0, 41.94%, 0, 0, 1, 11319.86, 9861218, 13, 0, 0
869, 3306583, 0, 1, 0, 0, 41.94%, 0, 0, 1, 11180.15, 9919763, 13, 0, 0
874, 3326450, 0, 1, 0, 0, 41.94%, 0, 0, 1, 11489.07, 9979364, 13, 0, 0
880, 3345872, 0, 1, 0, 0, 41.94%, 0, 0, 1, 11250.24, 10037631, 13, 0, 0
885, 3364803, 0, 1, 0, 0, 41.94%, 0, 0, 1, 11408.19, 10094425, 13, 0, 0
890, 3383601, 0, 1, 0, 0, 41.94%, 0, 0, 1, 11263.52, 10150817, 13, 0, 0
895, 3402817, 0, 1, 0, 0, 41.94%, 0, 0, 1, 11110.27, 10208466, 13, 0, 0
900, 3422701, 0, 1, 0, 0, 41.94%, 0, 0, 1, 11443.26, 10268118, 13, 0, 0
904, 3440033, 0, 1, 0, 0, 41.94%, 0, 0, 1, 11442.89, 10320113, 13, 0, 0
